0.44021739130434784
0.5163043478260869
0.4891304347826087
0.44021739130434784
0.5271739130434783
0.5380434782608695
0.5163043478260869
0.5597826086956522
0.5108695652173914
0.44565217391304346
0.483695652173913
0.5597826086956522
0.5054347826086957
0.5108695652173914
0.47282608695652173
0.44021739130434784
0.483695652173913
0.483695652173913
0.4891304347826087
0.4945652173913043
0.5054347826086957
0.47282608695652173
0.5108695652173914
0.45108695652173914
0.532608695652174
0.5
0.46195652173913043
0.5271739130434783
0.5163043478260869
0.4782608695652174
0.4945652173913043
0.4945652173913043
0.5380434782608695
0.4673913043478261
0.4891304347826087
0.4782608695652174
0.532608695652174
0.42934782608695654
0.5380434782608695
0.5
0.483695652173913
0.44021739130434784
0.4891304347826087
0.5163043478260869
0.45108695652173914
0.5108695652173914
0.47282608695652173
0.45108695652173914
0.5271739130434783
0.47282608695652173
0.5108695652173914
0.5434782608695652
0.5434782608695652
0.45652173913043476
0.4945652173913043
0.5054347826086957
0.5108695652173914
0.5489130434782609
0.483695652173913
0.4673913043478261
0.4673913043478261
0.483695652173913
0.5054347826086957
0.46195652173913043
0.45108695652173914
0.42391304347826086
0.4891304347826087
0.483695652173913
0.5108695652173914
0.5271739130434783
0.45652173913043476
0.5271739130434783
0.4673913043478261
0.5163043478260869
0.43478260869565216
0.5271739130434783
0.5217391304347826
0.5108695652173914
0.44565217391304346
0.46195652173913043
0.45652173913043476
0.5054347826086957
0.45108695652173914
0.41304347826086957
0.45108695652173914
0.5652173913043478
0.4891304347826087
0.42391304347826086
0.5108695652173914
0.4945652173913043
0.483695652173913
0.44565217391304346
0.5
0.5869565217391305
0.5
0.45108695652173914
0.5054347826086957
0.483695652173913
0.4891304347826087
0.4891304347826087
