1.0
1.0
1.0
1.0
1.0
1.0
1.0
1.0
0.7314814925193787
1.0
1.0
1.0
1.0
1.0
1.0
0.6759259104728699
1.0
1.0
1.0
1.0
1.0
1.0
1.0
1.0
0.6666666865348816
1.0
0.6296296119689941
1.0
1.0
1.0
1.0
1.0
1.0
1.0
1.0
0.6388888955116272
1.0
1.0
1.0
1.0
0.6851851940155029
1.0
1.0
1.0
1.0
1.0
1.0
1.0
1.0
1.0
0.6759259104728699
1.0
0.6574074029922485
0.6944444179534912
0.6944444179534912
1.0
1.0
1.0
1.0
1.0
0.6851851940155029
1.0
1.0
1.0
1.0
1.0
1.0
1.0
1.0
1.0
0.6388888955116272
1.0
1.0
1.0
0.6666666865348816
1.0
1.0
1.0
1.0
1.0
1.0
1.0
1.0
1.0
1.0
1.0
0.6481481194496155
1.0
1.0
1.0
1.0
1.0
1.0
1.0
1.0
0.7037037014961243
1.0
1.0
1.0
1.0
