0.6101694915254238
0.559322033898305
0.5932203389830508
0.6440677966101694
0.711864406779661
0.6440677966101694
0.6271186440677966
0.6101694915254238
0.5084745762711864
0.7457627118644068
0.6610169491525424
0.6101694915254238
0.6610169491525424
0.576271186440678
0.6440677966101694
0.6779661016949152
0.6440677966101694
0.576271186440678
0.6271186440677966
0.559322033898305
0.5932203389830508
0.6610169491525424
0.6610169491525424
0.6949152542372882
0.5932203389830508
0.5932203389830508
0.559322033898305
0.6271186440677966
0.711864406779661
0.576271186440678
0.6271186440677966
0.5423728813559322
0.5932203389830508
0.6440677966101694
0.6101694915254238
0.6779661016949152
0.5423728813559322
0.6101694915254238
0.6440677966101694
0.6779661016949152
0.6101694915254238
0.6440677966101694
0.6271186440677966
0.6610169491525424
0.5254237288135594
0.5423728813559322
0.6101694915254238
0.5932203389830508
0.6779661016949152
0.6779661016949152
0.5423728813559322
0.6271186440677966
0.559322033898305
0.6440677966101694
0.6610169491525424
0.5932203389830508
0.711864406779661
0.6440677966101694
0.6949152542372882
0.576271186440678
0.6440677966101694
0.5932203389830508
0.576271186440678
0.6779661016949152
0.6779661016949152
0.559322033898305
0.5423728813559322
0.6610169491525424
0.6101694915254238
0.6779661016949152
0.6949152542372882
0.6949152542372882
0.6271186440677966
0.559322033898305
0.6101694915254238
0.6101694915254238
0.6440677966101694
0.6610169491525424
0.6779661016949152
0.5423728813559322
0.5932203389830508
0.576271186440678
0.6610169491525424
0.5932203389830508
0.6440677966101694
0.6271186440677966
0.6610169491525424
0.6101694915254238
0.576271186440678
0.576271186440678
0.6440677966101694
0.576271186440678
0.6779661016949152
0.576271186440678
0.6610169491525424
0.6101694915254238
0.6440677966101694
0.559322033898305
0.6949152542372882
0.711864406779661
