0.375
0.475
0.3
0.275
0.4
0.4
0.35
0.35
0.275
0.375
0.275
0.45
0.325
0.35
0.2
0.475
0.3
0.225
0.2
0.4
0.25
0.375
0.35
0.525
0.3
0.4
0.2
0.325
0.375
0.325
0.4
0.4
0.225
0.35
0.3
0.325
0.225
0.375
0.325
0.425
0.275
0.45
0.375
0.325
0.375
0.325
0.225
0.3
0.3
0.4
0.275
0.35
0.225
0.4
0.475
0.35
0.35
0.4
0.325
0.375
0.425
0.3
0.275
0.2
0.375
0.3
0.3
0.25
0.325
0.3
0.25
0.2
0.45
0.325
0.325
0.325
0.325
0.35
0.275
0.275
0.375
0.4
0.2
0.4
0.375
0.375
0.375
0.4
0.375
0.225
0.45
0.225
0.25
0.325
0.275
0.35
0.375
0.325
0.325
0.375
