0.7685185074806213
0.7222222089767456
0.6203703880310059
0.6666666865348816
0.7037037014961243
0.7129629850387573
0.6296296119689941
0.5925925970077515
0.6759259104728699
0.6944444179534912
0.7037037014961243
0.6574074029922485
0.6944444179534912
0.7037037014961243
0.6203703880310059
0.7777777910232544
0.6481481194496155
0.6111111044883728
0.6203703880310059
0.6851851940155029
0.6574074029922485
0.7870370149612427
0.7037037014961243
0.6481481194496155
0.6018518805503845
0.6666666865348816
0.6574074029922485
0.6666666865348816
0.6574074029922485
0.6666666865348816
0.7037037014961243
0.6111111044883728
0.6018518805503845
0.6481481194496155
0.6851851940155029
0.6944444179534912
0.6018518805503845
0.7314814925193787
0.6851851940155029
0.6759259104728699
0.6296296119689941
0.6296296119689941
0.6944444179534912
0.6388888955116272
0.6111111044883728
0.6574074029922485
0.7037037014961243
0.6018518805503845
0.6388888955116272
0.6944444179534912
0.6481481194496155
0.6018518805503845
0.5740740895271301
0.6851851940155029
0.7037037014961243
0.6018518805503845
0.6203703880310059
0.6759259104728699
0.6851851940155029
0.6851851940155029
0.6851851940155029
0.6944444179534912
0.6574074029922485
0.5925925970077515
0.6851851940155029
0.7037037014961243
0.6851851940155029
0.6666666865348816
0.6851851940155029
0.6388888955116272
0.6481481194496155
0.6574074029922485
0.6388888955116272
0.6851851940155029
0.6203703880310059
0.7592592835426331
0.5462962985038757
0.6296296119689941
0.6759259104728699
0.6574074029922485
0.6388888955116272
0.6759259104728699
0.7129629850387573
0.6759259104728699
0.6944444179534912
0.6944444179534912
0.6574074029922485
0.6759259104728699
0.7314814925193787
0.6574074029922485
0.7222222089767456
0.5925925970077515
0.6759259104728699
0.6759259104728699
0.6388888955116272
0.6666666865348816
0.6666666865348816
0.6759259104728699
0.7407407164573669
0.6944444179534912
