0.6296296296296297
0.6666666666666666
0.6666666666666666
0.7129629629629629
0.6666666666666666
0.6481481481481481
0.6388888888888888
0.6944444444444444
0.6666666666666666
0.7777777777777778
0.6574074074074074
0.6944444444444444
0.6666666666666666
0.7314814814814815
0.6666666666666666
0.7407407407407407
0.7129629629629629
0.75
0.6388888888888888
0.6481481481481481
0.5925925925925926
0.7037037037037037
0.6481481481481481
0.6851851851851852
0.6759259259259259
0.6111111111111112
0.7037037037037037
0.7037037037037037
0.7685185185185185
0.6574074074074074
0.6851851851851852
0.6296296296296297
0.6574074074074074
0.6944444444444444
0.6296296296296297
0.6574074074074074
0.6574074074074074
0.6111111111111112
0.7314814814814815
0.6111111111111112
0.6759259259259259
0.6759259259259259
0.6481481481481481
0.6666666666666666
0.7222222222222222
0.7777777777777778
0.6481481481481481
0.6944444444444444
0.6666666666666666
0.7407407407407407
0.7222222222222222
0.6203703703703703
0.6296296296296297
0.6111111111111112
0.7037037037037037
0.5925925925925926
0.6111111111111112
0.6296296296296297
0.5740740740740741
0.6851851851851852
0.6666666666666666
0.7314814814814815
0.6018518518518519
0.7685185185185185
0.7037037037037037
0.6851851851851852
0.7129629629629629
0.5555555555555556
0.7129629629629629
0.7037037037037037
0.6574074074074074
0.7037037037037037
0.7870370370370371
0.7222222222222222
0.8055555555555556
0.7314814814814815
0.6388888888888888
0.6203703703703703
0.6388888888888888
0.7037037037037037
0.5833333333333334
0.7314814814814815
0.6851851851851852
0.7407407407407407
0.6481481481481481
0.7222222222222222
0.6944444444444444
0.7592592592592593
0.6481481481481481
0.75
0.6759259259259259
0.7222222222222222
0.6759259259259259
0.6388888888888888
0.6203703703703703
0.6574074074074074
0.6759259259259259
0.6759259259259259
0.6666666666666666
0.7685185185185185
