0.1016949152542373
0.22033898305084745
0.2711864406779661
0.423728813559322
0.3220338983050847
0.23728813559322035
0.423728813559322
0.2542372881355932
0.3559322033898305
0.3220338983050847
0.4067796610169492
0.3389830508474576
0.3389830508474576
0.11864406779661017
0.3220338983050847
0.22033898305084745
0.4067796610169492
0.2033898305084746
0.3389830508474576
0.288135593220339
0.2542372881355932
0.2033898305084746
0.3898305084745763
0.3220338983050847
0.2033898305084746
0.15254237288135594
0.3728813559322034
0.3898305084745763
0.2711864406779661
0.2033898305084746
0.3220338983050847
0.22033898305084745
0.2711864406779661
0.2033898305084746
0.23728813559322035
0.3050847457627119
0.5254237288135594
0.3728813559322034
0.15254237288135594
0.423728813559322
0.3389830508474576
0.5423728813559322
0.4406779661016949
0.3898305084745763
0.1864406779661017
0.2542372881355932
0.2542372881355932
0.4915254237288136
0.1864406779661017
0.3559322033898305
0.23728813559322035
0.3728813559322034
0.3050847457627119
0.4067796610169492
0.3050847457627119
0.2711864406779661
0.5084745762711864
0.2033898305084746
0.22033898305084745
0.5254237288135594
0.1694915254237288
0.3898305084745763
0.2711864406779661
0.22033898305084745
0.3050847457627119
0.3050847457627119
0.423728813559322
0.4745762711864407
0.3389830508474576
0.3559322033898305
0.3220338983050847
0.3898305084745763
0.4745762711864407
0.576271186440678
0.3898305084745763
0.23728813559322035
0.4067796610169492
0.3050847457627119
0.11864406779661017
0.4406779661016949
0.3389830508474576
0.4067796610169492
0.1694915254237288
0.13559322033898305
0.1694915254237288
0.3898305084745763
0.4576271186440678
0.3898305084745763
0.288135593220339
0.2033898305084746
0.423728813559322
0.3389830508474576
0.1864406779661017
0.1864406779661017
0.1016949152542373
0.3050847457627119
0.288135593220339
0.288135593220339
0.5254237288135594
0.23728813559322035
