0.4076086956521739
0.4673913043478261
0.44565217391304346
0.5054347826086957
0.42934782608695654
0.42391304347826086
0.40217391304347827
0.5
0.47282608695652173
0.41304347826086957
0.5217391304347826
0.4891304347826087
0.43478260869565216
0.4673913043478261
0.4891304347826087
0.43478260869565216
0.5108695652173914
0.5217391304347826
0.5543478260869565
0.47282608695652173
0.4945652173913043
0.44021739130434784
0.47282608695652173
0.43478260869565216
0.4945652173913043
0.47282608695652173
0.4945652173913043
0.43478260869565216
0.44021739130434784
0.4782608695652174
0.47282608695652173
0.42391304347826086
0.5
0.42391304347826086
0.3858695652173913
0.45108695652173914
0.4782608695652174
0.40217391304347827
0.44021739130434784
0.45108695652173914
0.43478260869565216
0.4673913043478261
0.4673913043478261
0.41847826086956524
0.42934782608695654
0.5
0.47282608695652173
0.41304347826086957
0.45652173913043476
0.5108695652173914
0.4891304347826087
0.45652173913043476
0.4782608695652174
0.483695652173913
0.42934782608695654
0.42934782608695654
0.34782608695652173
0.5108695652173914
0.45652173913043476
0.42391304347826086
0.4673913043478261
0.4673913043478261
0.43478260869565216
0.4673913043478261
0.5163043478260869
0.43478260869565216
0.45108695652173914
0.4782608695652174
0.42391304347826086
0.5163043478260869
0.4891304347826087
0.43478260869565216
0.40217391304347827
0.46195652173913043
0.4673913043478261
0.43478260869565216
0.40217391304347827
0.3967391304347826
0.43478260869565216
0.43478260869565216
0.44021739130434784
0.4945652173913043
0.4076086956521739
0.5054347826086957
0.45108695652173914
0.45652173913043476
0.44021739130434784
0.483695652173913
0.4673913043478261
0.47282608695652173
0.4673913043478261
0.4673913043478261
0.44021739130434784
0.5217391304347826
0.5108695652173914
0.41304347826086957
0.3967391304347826
0.5217391304347826
0.44565217391304346
0.4076086956521739
