0.6229508196721312
0.47540983606557374
0.5245901639344263
0.5409836065573771
0.5573770491803278
0.5573770491803278
0.5901639344262295
0.5573770491803278
0.6557377049180327
0.5573770491803278
0.47540983606557374
0.5081967213114754
0.5901639344262295
0.6557377049180327
0.5081967213114754
0.45901639344262296
0.639344262295082
0.45901639344262296
0.6065573770491803
0.7049180327868853
0.5737704918032787
0.4918032786885246
0.6065573770491803
0.4918032786885246
0.6229508196721312
0.5409836065573771
0.5573770491803278
0.47540983606557374
0.5245901639344263
0.5081967213114754
0.5245901639344263
0.5409836065573771
0.6065573770491803
0.5409836065573771
0.5573770491803278
0.5081967213114754
0.5245901639344263
0.5245901639344263
0.5901639344262295
0.5573770491803278
0.5081967213114754
0.639344262295082
0.6229508196721312
0.6065573770491803
0.5573770491803278
0.4918032786885246
0.4918032786885246
0.6065573770491803
0.5573770491803278
0.6065573770491803
0.5901639344262295
0.47540983606557374
0.5901639344262295
0.5901639344262295
0.5245901639344263
0.5901639344262295
0.5737704918032787
0.5081967213114754
0.5573770491803278
0.5409836065573771
0.4918032786885246
0.6229508196721312
0.5245901639344263
0.45901639344262296
0.5901639344262295
0.6229508196721312
0.6065573770491803
0.5409836065573771
0.6229508196721312
0.5573770491803278
0.5573770491803278
0.4918032786885246
0.5573770491803278
0.4918032786885246
0.6065573770491803
0.5409836065573771
0.5081967213114754
0.5737704918032787
0.5737704918032787
0.47540983606557374
0.639344262295082
0.5901639344262295
0.5409836065573771
0.5245901639344263
0.639344262295082
0.5573770491803278
0.5737704918032787
0.639344262295082
0.6557377049180327
0.6229508196721312
0.5737704918032787
0.5409836065573771
0.5901639344262295
0.6229508196721312
0.6557377049180327
0.5409836065573771
0.6065573770491803
0.6065573770491803
0.5573770491803278
0.5409836065573771
