0.15
0.125
0.15
0.15
0.225
0.1
0.225
0.15
0.2
0.2
0.2
0.1
0.125
0.125
0.075
0.1
0.05
0.15
0.2
0.1
0.275
0.15
0.125
0.2
0.1
0.15
0.225
0.125
0.175
0.125
0.275
0.225
0.075
0.075
0.225
0.175
0.2
0.175
0.1
0.15
0.175
0.3
0.175
0.15
0.1
0.2
0.2
0.075
0.275
0.175
0.25
0.175
0.1
0.2
0.1
0.075
0.05
0.225
0.275
0.125
0.125
0.125
0.175
0.125
0.325
0.2
0.15
0.175
0.1
0.075
0.125
0.15
0.2
0.125
0.175
0.175
0.125
0.15
0.1
0.175
0.225
0.2
0.225
0.15
0.15
0.2
0.075
0.1
0.15
0.175
0.125
0.225
0.025
0.15
0.125
0.125
0.15
0.175
0.15
0.1
