0.5054347826086957
0.5434782608695652
0.5652173913043478
0.5108695652173914
0.5271739130434783
0.5054347826086957
0.4891304347826087
0.532608695652174
0.5978260869565217
0.5217391304347826
0.5489130434782609
0.5054347826086957
0.5163043478260869
0.483695652173913
0.5434782608695652
0.5380434782608695
0.5706521739130435
0.5434782608695652
0.5652173913043478
0.5434782608695652
0.5054347826086957
0.47282608695652173
0.5271739130434783
0.5
0.4782608695652174
0.5054347826086957
0.5706521739130435
0.5108695652173914
0.5108695652173914
0.532608695652174
0.5271739130434783
0.5163043478260869
0.5054347826086957
0.5
0.5054347826086957
0.5706521739130435
0.5597826086956522
0.5271739130434783
0.5652173913043478
0.5597826086956522
0.5
0.5271739130434783
0.4891304347826087
0.5108695652173914
0.6032608695652174
0.4945652173913043
0.5163043478260869
0.5
0.5434782608695652
0.5054347826086957
0.5108695652173914
0.5
0.5489130434782609
0.4782608695652174
0.5
0.5543478260869565
0.5217391304347826
0.5380434782608695
0.42934782608695654
0.5271739130434783
0.4891304347826087
0.5054347826086957
0.45108695652173914
0.532608695652174
0.532608695652174
0.5
0.5597826086956522
0.5380434782608695
0.5597826086956522
0.5597826086956522
0.5163043478260869
0.5652173913043478
0.5543478260869565
0.5217391304347826
0.532608695652174
0.4945652173913043
0.44021739130434784
0.532608695652174
0.5108695652173914
0.4945652173913043
0.5108695652173914
0.5706521739130435
0.5597826086956522
0.5271739130434783
0.5163043478260869
0.5597826086956522
0.5271739130434783
0.5706521739130435
0.5434782608695652
0.44565217391304346
0.5434782608695652
0.5380434782608695
0.5869565217391305
0.5271739130434783
0.5271739130434783
0.47282608695652173
0.5271739130434783
0.5869565217391305
0.5108695652173914
0.5054347826086957
